2.26999817
2.909982
3.24666251
3.3524963
3.44399956
3.57499814
3.62713575
3.68749542
3.71109411
3.7319989
3.75453803
3.77166454
3.80229631
3.80642856
3.84933053
3.84249068
3.85058781
3.84609265
3.86420486
3.88299245
3.89714121
3.90408423
3.90695416
3.92708308
3.9343896
3.93999863
3.93590911
3.93999817
3.94172235
3.94899951
3.95257891
3.96218736
3.96636258
3.96382024
3.97513935
3.9825
3.9875656
3.98236711
3.97589555
3.97899952
3.97902358
3.98190227
3.97790267
3.97954326
3.98310586
3.98369563
3.98702062
3.98916634
3.99142787
3.99279931
3.9949018
3.9942304
3.99207185
3.99129453
3.99399862
3.98785522
3.9910525
3.99827556
3.99627036
3.99416284
3.9955735
3.99838656
3.99539666
3.99374814
3.99153696
3.99545391
3.99208896
3.99470506
3.99521664
3.99528537
3.99802789
3.99624997
3.99369761
3.99648627
3.9957333
3.99539376
3.99428501
3.99487146
3.99455599
3.99374989
3.9948146
3.99670678
3.99855418
3.99583323
3.99729381
3.99523115
3.9952873
3.99874765
3.99898867
4.00377744
4.00780212
4.00576076
4.00516047
4.00978643
4.01178905
4.01510381
4.0161853
4.01408147
4.01929088
4.01959929
4.02089088
4.01882347
4.01970829
4.02509607
4.02533301
4.02150882
4.02158807
4.02027716
4.01559603
4.01354398
4.01693498
4.01696406
4.02044207
4.02140253
4.0199126
4.02284231
4.02444436
4.02669449
4.02865456
4.03074963
4.02884285
4.02868799
4.02650397
4.02693488
4.02823941
4.02769745
4.02684856
4.02851247
4.02705138
4.02638245
4.02557214
4.02651477
4.02518775
4.02365662
4.02110975
4.01919099
4.018686
4.01695633
4.01834425
4.01771352
4.01616807
4.01669011
4.0175523
4.01798543
4.01813691
4.0203416
4.01979551
4.01878346
4.01979853
4.02026639
4.02052952
4.01888118
4.01882341
4.01798592
4.01993492
4.0201922
4.01923566
4.01873405
4.01930802
4.01793737
4.0197514
4.02061716
4.02049073
4.01932765
4.01909002
4.01903574
4.01754486
4.01904728
4.02118264
4.02241082
4.02116881
4.02331376
4.02311977
4.02632067
4.02571421
4.02721564
4.02621384
4.02713462
4.02776531
4.0283324
4.02933601
4.02983455
4.0300542
4.0296735
4.02880972
4.02978463
4.02946441
4.03074452
4.03089885
4.03389358
4.03424076
4.03567679
4.03751271
4.03896819
4.03912808
4.04117197
4.04192767
4.04373677
4.04417026
4.04464925
